2009 0	203122
2009 1	221903
2009 2	192475
2009 3	200214
2009 4	233589
2009 5	237565
2009 6	178242
2009 7	108396
2009 8	58087
2009 9	11467
2010 0	203621
2010 1	221475
2010 2	197869
2010 3	202841
2010 4	232192
2010 5	241236
2010 6	185657
2010 7	109956
2010 8	60141
2010 9	12139
2011 0	196596
2011 1	225720
2011 2	205383
2011 3	196234
2011 4	228052
2011 5	250141
2011 6	197352
2011 7	116558
2011 8	64577
2011 9	14982
2012 0	196697
2012 1	223104
2012 2	203714
2012 3	197118
2012 4	226024
2012 5	250805
2012 6	204112
2012 7	119263
2012 8	63597
2012 9	14790
2013 0	196561
2013 1	224066
2013 2	206101
2013 3	202643
2013 4	222729
2013 5	252746
2013 6	208560
2013 7	121886
2013 8	62040
2013 9	14830
