2009 01 1	4470.294
2009 01 2	2767.5664
2009 02 1	4610.4272
2009 02 2	3144.8586
2009 04 1	4731.5317
2009 04 2	3222.0693
2009 05 1	3937.77
2009 05 2	2611.8958
2009 06 1	5515.638
2009 06 2	3794.5208
2009 08 1	5296.3203
2009 08 2	3397.1924
2009 09 1	7032.5674
2009 09 2	4060.9517
2009 10 1	4885.4194
2009 10 2	3429.551
2009 11 1	7153.052
2009 11 2	5436.901
2009 12 1	4780.159
2009 12 2	3140.2175
2009 13 1	5039.934
2009 13 2	3232.5671
2009 15 1	4690.972
2009 15 2	3250.8079
2009 42 1	4740.662
2009 42 2	3020.7656
2009 44 1	5082.8853
2009 44 2	3443.0076
2009 45 1	4329.1626
2009 45 2	2803.849
2009 46 1	3696.345
2009 46 2	2389.2158
2009 47 1	4416.515
2009 47 2	2861.2468
2009 48 1	5103.0137
2009 48 2	3161.1465
2009 49 1	4706.2466
2009 49 2	2436.01
2009 50 1	4180.306
2009 50 2	2919.5154
2009 51 1	5798.2144
2009 51 2	3750.483
2009 53 1	5302.673
2009 53 2	3310.36
2009 54 1	4155.7935
2009 54 2	2544.0212
2009 55 1	4295.326
2009 55 2	2825.0283
2009 56 1	4483.2573
2009 56 2	2670.5334
2010 01 1	4551.7407
2010 01 2	2792.7432
2010 02 1	4592.8784
2010 02 2	3322.7522
2010 04 1	4689.2334
2010 04 2	3215.4995
2010 05 1	3960.1858
2010 05 2	2628.3948
2010 06 1	5412.5044
2010 06 2	3853.6904
2010 08 1	5182.459
2010 08 2	3427.7117
2010 09 1	6874.751
2010 09 2	4097.706
2010 10 1	4979.4375
2010 10 2	3520.4905
2010 11 1	7301.633
2010 11 2	5811.7827
2010 12 1	4655.558
2010 12 2	3155.6362
2010 13 1	4869.977
2010 13 2	3218.682
2010 15 1	4606.075
2010 15 2	3342.6565
2010 42 1	4699.034
2010 42 2	3048.4106
2010 44 1	5087.82
2010 44 2	3551.544
2010 45 1	4267.7896
2010 45 2	2792.5547
2010 46 1	3769.9019
2010 46 2	2428.1702
2010 47 1	4397.0327
2010 47 2	2841.9583
2010 48 1	5016.7954
2010 48 2	3166.044
2010 49 1	4590.9766
2010 49 2	2509.247
2010 50 1	3999.338
2010 50 2	2911.799
2010 51 1	5824.0386
2010 51 2	3813.643
2010 53 1	5187.054
2010 53 2	3385.0037
2010 54 1	4116.758
2010 54 2	2597.4104
2010 55 1	4282.9995
2010 55 2	2914.8792
2010 56 1	4653.5874
2010 56 2	2744.521
2011 01 1	4319.3354
2011 01 2	2760.1265
2011 02 1	4437.009
2011 02 2	2963.0828
2011 04 1	4491.0933
2011 04 2	3152.4268
2011 05 1	3767.9807
2011 05 2	2561.5764
2011 06 1	5395.8267
2011 06 2	3813.8547
2011 08 1	5095.003
2011 08 2	3358.0398
2011 09 1	6855.0376
2011 09 2	4156.5737
2011 10 1	5058.42
2011 10 2	3548.0923
2011 11 1	7357.4917
2011 11 2	5453.207
2011 12 1	4737.899
2011 12 2	3183.5168
2011 13 1	4578.209
2011 13 2	3080.4785
2011 15 1	4603.8516
2011 15 2	3254.9517
2011 42 1	4599.875
2011 42 2	3010.2104
2011 44 1	5042.2163
2011 44 2	3410.553
2011 45 1	4113.216
2011 45 2	2714.577
2011 46 1	3508.5571
2011 46 2	2506.4937
2011 47 1	4319.952
2011 47 2	2847.616
2011 48 1	4919.087
2011 48 2	3141.1643
2011 49 1	4744.6816
2011 49 2	2511.8254
2011 50 1	4145.728
2011 50 2	2904.6948
2011 51 1	5678.906
2011 51 2	3693.324
2011 53 1	5253.052
2011 53 2	3394.75
2011 54 1	4104.307
2011 54 2	2580.5498
2011 55 1	4279.671
2011 55 2	2856.552
2011 56 1	4654.546
2011 56 2	2687.6033
2012 01 1	4577.807
2012 01 2	2737.325
2012 02 1	4570.2305
2012 02 2	3275.8953
2012 04 1	4772.884
2012 04 2	3278.353
2012 05 1	4093.4453
2012 05 2	2658.5972
2012 06 1	5548.913
2012 06 2	3907.995
2012 08 1	5395.695
2012 08 2	3485.2063
2012 09 1	7101.1553
2012 09 2	4221.595
2012 10 1	4839.8594
2012 10 2	3699.7842
2012 11 1	7380.272
2012 11 2	5624.065
2012 12 1	4841.4385
2012 12 2	3241.606
2012 13 1	5033.999
2012 13 2	3231.2246
2012 15 1	4565.257
2012 15 2	3474.5518
2012 42 1	4822.278
2012 42 2	3141.3318
2012 44 1	4905.445
2012 44 2	3482.5347
2012 45 1	4331.5566
2012 45 2	2862.3696
2012 46 1	3744.0525
2012 46 2	2458.9465
2012 47 1	4618.236
2012 47 2	2953.8005
2012 48 1	5191.2515
2012 48 2	3245.9973
2012 49 1	4838.077
2012 49 2	2669.1594
2012 50 1	4318.2993
2012 50 2	2965.802
2012 51 1	6068.8
2012 51 2	3969.3792
2012 53 1	5587.506
2012 53 2	3532.462
2012 54 1	4302.0576
2012 54 2	2715.5195
2012 55 1	4329.213
2012 55 2	2979.3008
2012 56 1	4618.561
2012 56 2	2729.6697
2013 01 1	4726.853
2013 01 2	2923.3118
2013 02 1	4769.46
2013 02 2	3225.7466
2013 04 1	4911.5693
2013 04 2	3399.1267
2013 05 1	4312.5635
2013 05 2	2826.5054
2013 06 1	5812.815
2013 06 2	4041.044
2013 08 1	5677.743
2013 08 2	3575.5066
2013 09 1	7466.371
2013 09 2	4396.2476
2013 10 1	5089.246
2013 10 2	3783.4097
2013 11 1	7513.594
2013 11 2	5791.3423
2013 12 1	4987.0454
2013 12 2	3358.5525
2013 13 1	5245.1255
2013 13 2	3409.2153
2013 15 1	4924.1943
2013 15 2	3549.2605
2013 42 1	5021.917
2013 42 2	3234.339
2013 44 1	5372.6943
2013 44 2	3592.9126
2013 45 1	4506.059
2013 45 2	2928.4585
2013 46 1	3908.0154
2013 46 2	2480.478
2013 47 1	4693.0825
2013 47 2	3070.6138
2013 48 1	5423.632
2013 48 2	3385.985
2013 49 1	5061.146
2013 49 2	2612.816
2013 50 1	4284.002
2013 50 2	3092.6208
2013 51 1	6231.681
2013 51 2	4094.1792
2013 53 1	5716.1772
2013 53 2	3674.1816
2013 54 1	4406.823
2013 54 2	2772.844
2013 55 1	4622.9404
2013 55 2	3041.7744
2013 56 1	5001.6924
2013 56 2	2912.3887
